0.1	0.167215
0.2	0.263101
0.3	0.487944
0.4	0.655501
0.5	0.864659
0.6	0.694825
0.7	0.887725
0.8	1.29167
0.9	1.1
1	1.44318
1.1	1.52011
1.2	1.80372
1.3	1.67938
1.4	1.97501
1.5	2.64268
1.6	2.77273
1.7	2.56457
1.8	2.83291
1.9	2.11524
2	2.97115
2.1	2.12738
2.2	2.62748
2.3	2.55251
2.4	3.94402
2.5	2.81336
2.6	3.43396
2.7	2.98035
2.8	3.04373
2.9	5.2175
3	3.52382
3.1	4.37207
3.2	5.34813
3.3	4.91737
3.4	4.20521
3.5	5.28515
3.6	5.10995
3.7	5.16101
3.8	6.75724
3.9	4.81265
4	6.46834
4.1	5.82772
4.2	6.78691
4.3	5.67679
4.4	7.53818
4.5	5.51993
4.6	5.89705
4.7	7.73704
4.8	8.32906
4.9	5.17344
5	8.79731
5.1	7.24606
5.2	5.55799
5.3	6.11499
5.4	8.26514
5.5	9.41702
5.6	7.16304
5.7	5.99262
5.8	5.89291
5.9	8.06035
6	6.30286
6.1	7.26281
6.2	11.0143
6.3	10.8471
6.4	10.7567
6.5	7.88666
6.6	9.44993
6.7	8.71111
6.8	10.9358
6.9	9.7292
7	10.7393
7.1	10.1195
7.2	7.42625
7.3	9.8558
7.4	12.9165
7.5	13.0849
7.6	11.9834
7.7	9.45125
7.8	12.4085
7.9	11.9447
8	10.2659
8.1	12.5573
8.2	9.28879
8.3	11.2223
8.4	14.3141
8.5	14.1386
8.6	10.8727
8.7	10.2936
8.8	15.0893
8.9	11.3946
9	13.944
9.1	16.0631
9.2	13.5324
9.3	14.1903
9.4	15.8572
9.5	12.8407
9.6	16.6961
9.7	12.7919
9.8	16.1878
9.9	15.319
10	17.2878
