0.1	0.233794
0.2	0.579897
0.3	0.720672
0.4	0.853664
0.5	0.882353
0.6	0.9709
0.7	0.824081
0.8	0.557403
0.9	0.411976
1	0.109034
1.1	-0.123735
1.2	-0.366902
1.3	-0.485432
1.4	-0.615908
1.5	-0.731456
1.6	-0.697253
1.7	-0.564486
1.8	-0.4572
1.9	-0.209759
2	-0.14629
2.1	0.0939772
2.2	0.160771
2.3	0.25284
2.4	0.16862
2.5	0.286344
2.6	0.215811
2.7	0.22016
2.8	0.172657
2.9	-0.0351117
3	0.0700998
3.1	-0.0006585
3.2	-0.0578601
3.3	0.00159581
3.4	0.0893164
3.5	0.063407
3.6	0.116207
3.7	0.143574
3.8	0.0629264
3.9	0.171723
4	0.0526755
4.1	0.0477218
4.2	-0.0555618
4.3	-0.0518136
4.4	-0.198525
4.5	-0.135602
4.6	-0.177299
4.7	-0.267993
4.8	-0.275832
4.9	-0.0921285
5	-0.205594
5.1	-0.0767005
5.2	0.056203
5.3	0.0853724
5.4	0.038225
5.5	0.021066
5.6	0.127251
5.7	0.173521
5.8	0.165912
5.9	0.065443
6	0.113616
6.1	0.0627072
6.2	-0.0814043
6.3	-0.0722629
6.4	-0.0569135
6.5	0.0620407
6.6	0.0312511
6.7	0.0798139
6.8	0.0258039
6.9	0.0783188
7	0.0483342
7.1	0.0597562
7.2	0.124956
7.3	0.021829
7.4	-0.102911
7.5	-0.138475
7.6	-0.131914
7.7	-0.0760553
7.8	-0.16928
7.9	-0.150441
8	-0.0857214
8.1	-0.122396
8.2	0.00185695
8.3	-0.0142888
8.4	-0.061576
8.5	-0.0255264
8.6	0.0833848
8.7	0.111526
8.8	-0.00737774
8.9	0.0832293
9	0.0101928
9.1	-0.0531535
9.2	-0.000828299
9.3	-0.0234215
9.4	-0.064366
9.5	0.0126493
9.6	-0.0672025
9.7	0.0388735
9.8	-0.0229062
9.9	0.0125705
10	-0.020224
